010040560230615080000800100050020008600781005900060020006008000080473056045090010
017002560034015080009000140450000600020781090008000021096000200080470950045200810
007040003000600709000830040451020678620000095978060321090058000102003000300090800
000009056500780100000503809650804792020000060397602018403105000005048001210300000
780000050509700020040020079600000792004901500397000008460090080070008601010000045
700409006509086120140000000650800000024901560000002018000000087075240601200307005
780000056009080100046000070650004792000901000397600018060000280005040600210000045
040009106365000000000260005457800609001905800903004527500091000000000381706300050
040000106305107200000200005450820610001905800083014027500001000004706301706000050
802500100000047008109060435400023010020000040080610007538090702200750000006002904
002009106305040200079260000050000019021975840980000020000091760004050301706300900
840039100360100008109200000050800600001905800003004020000001702200006081006380054
009005071500706000008490035030018200090342060002960040920074300000609002760800400
640000801500700020270490000036518090000302000050967140000074086080009002701000059
609000001010006024008400630030500207107302508802007040025004300380600010700000409
009030870500000904270091030406018200100302008002960103020170086304000002061020400
009005800000706904208490000430510097007302500850067043000074306304609000001800400
620050090015824070048600002050070009000209000200040060500002610060437920090010084
603701090900000300040603150056370049400209001230045860074902010001000005090506704
070003028009600100010029063084700006167000584900006210830260070001004800740300050
400003000329007045010029003000700396107000504953006000800260070690500832000300001
000053008300600000010400703084700090007902500050006210805001070000004002700390000
060007090432090100900062083270451009000000000600279054320910006005030942090500010
061000090430095060900102003000401009509000701600209000300908006080730042090000310
801340000430800107000060003208050009009000700600070804300010000105006042000024308
861047090000000100950002003078000039049603720610000850300900076005000000090520318
801040205400005107050100000078001009040683020600200850000008070105700002706020308
106005387005032109300108000000000735053000210217000000000804001501320400784600903
020000380800700009009100540490000735053000210217000096032004600500009008084000020
006090007840732160000100042490000730003000200017000096930004000061329078700050900
100495000800700009379000000008210700650000014007043800000000651500009008000651003
140002000860009450090004072028045307000000000401360920680200010079400086000800034
000002003802730450000600870908005367006000100451300908084003000079051206200800000
007000690060700001093014800028105060706908105050307920004270510300001080015000700
107000600802030450000614000020100060036908140050007020000273000079050206005000704
007000090802030401093600800920040060736020145050060028004003510309050206010000700
709000050400351920253900810007009000001465200000700400025006749098247005070000102
019602000480050900250974806040020500901000208002030090305816049008040035000503180
709002300406350900200904010000109000031405270000708000020806009008047605004500102
709000300406350900000000016040029063900405008560730090320000000008047605004000102
010602890890053017060001000703010489000000000684020105000100070140290058079804060
405070890002050600007900542003506489000308000684709100238005900006090300079030201
015000090092453007060080500700510480050308020084029005008060070100297350070000260
010002803802000017060980542003010089001040700680020100238065070140000308509800060
602008030108036702700500860920060300001000600003040015089001006305620109010800503
602700904090436700030000001000060008001203600800040000200000070005624080406009503
600708900100036750704500061027000048001000600860000210280001406075620009006809003
050008900000436700030000061907105308000000000803907205280000070005624000006800020
000009800000253001160700230692070508001000900408090362056007093900532000004900000
023019000009053600160740009090304008030020040400105060200087093007530400000960720
020600000849050671065740009000074500031000940008190000200087190917030486000001020
003010054040050001065700009090374500501806907008195060200007190900030080380060700
020009800049250670105740200000370518030806040478095000006087103017032480004900020
000503700060902108540800009073056400010000070005730290800009063601304020009605000
000060740300900150042000630070250480000408000085031090024000560051004007039020000
108060002000002108500817600970250000000408000000031096004179003601300000700020804
000560700307002050040800639070200480200408005085001090824009060050300907009025000
008003740067040150040800000970056001016408370400730096000009060051080920039600800
796143050450000130010702009931000005000000000500000491600807020078000014020439768
000043802000006100813700609031674005084591370500328490609007523008200000105430000
796003052002080137010050640000000085000591000560000000049010020378060900120400768
006003052400086100010752600900674085200501006560328001009817020008260004120400700
000000850402086000813750600031674205280000076507328490009017523000260904025000000
415930000800500007007004100000000369260308051534000000006700200700002003000091786
005007620000016947097000035000005069009070400530100000980000210741680000052400700
405007020023510940090000100108200360000308000034009802006000010041082590050400706
000030020003506907007804105070000069200378001530000070906703200701602500050090000
400907000023506907000824100170040360000000000034060072006753000701602590000401006
072385400039016000100270306780000640500000007094000031401063008000920160008541270
000300010800016702100009300703000645506804907294000801001700008307920004060001000
002380000830016050000200380780190005016804920200057031021003000050920064000041200
240300000780506000930470058507900010010000090090007504470015089000803072000004035
245300000080500903030471000520040310310602097098030024000215080109003070000004135
240000001781526000900400250527008006004602800600100524073005009000863472800000035
710308000809200015052410000560041830001000700023870041000085170130004908000103054
706300000009067315000410007007900800480502096003006500200085000135720900000003204
016308420840007300300000000060940802081030790903076040000000003005700068078103250
700300020840260005052019087000900032401000706920006000290680170100024068070003004
706308009000260300050000080000901802400000006903806000090000070005024000600103204
579003020200007803003001000700300610091060730026005008000700300108900006030200481
500680000004000803003021007705349012090000030320175908600710300108000200000056001
570680124200090803060401000700000610091000730026000008000708050108030006937056081
579083004000500060063400097000340012090060030320075000640008350050004000900250481
000506093006320501030000700671000405200000007403000916002000050907045600340601000
104500890096300501530410000600000025209000307480000006000037054907005630045001209
100070890096020540530009000600003420209000307083700006000900054017040630045080009
000800002780065400210000036020086090007090200090730060430000075002370084600004000
900010750700000010210947800000006307367000248804700000009628075050000004078050003
940003700703000410205940000020486300000591000004732060000028105052000604008100023
040000752083205410200007006000480397000591000894032000400600005052309680678000020
940010050780000009015907800000480307060090040804032000009608170100000084070050023
860009470000534000100870009001980700000702000007045300600051008000498000098200045
005109473009500806140800200400000060006702500080000001004001028502008600398207100
005109073029000810140006009000983060000000000080645000600300028012000630390207100
065020070729530000040800209051080702000702000207040390604001020000098637090060140
000020470029504800040870009050980060006702500080045090600051020002408630098060000
985240100000781904000000080402879000090000070000132509030000000807526000004098715
085040000326701000000960002402800031093000270670002509500017000000506493000090710
000203060320700954001960380450070000100000008000030049039017800817006093060308000
080000067326001050001065002000870001090000070600032000500410800010500493260000010
000003007306081950741900302402800000190050078000002509509007826017520403200300000
102000590000501720086920000050000207640000019801000040000062950065803000034000801
002600598403080020580927004009040000047258310000070600700462053060010402234005800
002000500400080726580920004350106200047050310001309045700062053965010002004000800
072030098000581700006007100300046007600000009800370005008400900005813000230090860
030700005090062800057803610000476030570000086040185000065907320009350060700008050
030001200104562003007840010000400530571030486046005000060017300800354107003600050
600700205104060003050040000902070530500239006046080702000010020800050107703008004
600700040094060070257800009002000031570209086340000700400007328020050160010008004
038000240190060070250803000080076001570000086300180090000907028020050067013000950
000500084850007910006300075500900003738050169600003007160009700084700051320005000
079001380003427010006000200500006823000204000692100007005000700080732600027600490
070061080853000910000090005041000803030254060602000540100040000084000651020610090
079061380000020000400000075040076800038204160002180040160000002000030000027610490
209500080850020900000090075000076023008204100690180000160040000004030051020005408
080003000510004790040160005004030058600528004870090300100042030069300021000600040
080900400506080790943060080090000158600528004875000060050040639069070801008009040
002000400000280793040167280200730150031000970075091002057842030469075000008000500
702000016016204790003060080290030150001528900075090062050040600069305820320000507
165000000048031605290576001407063000600204007000710304800397016306180470000000538
065000093708030600090070801017800952030254080582009360804090010006080409970000530
000000090000901620290570841400060902039204180502010004854097016026105000070000000
000010008008463020003002547000800004701030906400006000127300600030695200900020000
009017360500403100000900047302009004781000956400100802120008000004605001056720400
000507008078463020000002540000800714080030050495006000027300000030695270900701000
049010000000060020613000507062800004080204050400006830107000695030090000000020480
200010308500460109010900540002050010000234000090070800027008090804095001906020003
016008007500010203830570900000240305200000008301095000009087032108050004700400810
000028050074610280002070901080000395005706100341000020409080500028053670050460000
900028057500019203030500060080200395000706000341005020060007030108950004750460009
016020000504619003002570960007040095000000000340090700069087500100953604000060810
906300400070019003800000060000041005095706140300890000060000002100950070003002809
083500920009018000670040018050600043000804000430001090720060035000780100016003780
000070920240300650000942310850600043060000070430001096028169000094005062016020000
003070900200308600075902010050000243002834500437000090020109430004705002006020700
080076904000008050000902318051000203062000570407000890728109000090700000506420080
852019004003004001000760020047050080300000002010030940060083000100500800500190476
802019004073004000491700000900050080000907000010030007000003215000500830500190406
002019004003824501001760320900000683000040000215000007069083200104576800500190400
000000704603824500091700000900250680086947150015038007000003210004576809508000000
170500680352008107040107009000400290006050800091006000500904060804700935027005018
009000083050608107600100520700013206430000071201870004013004002804701030920000400
070042003052008047000130020780000006006209800200000054010084000860700930900360010
179542080002600007048100500000000206030000070201000000003004760800001900020365418
000000250023701900060028307670800403008207100205004068706310040009405670082000000
807690054020041980060020007000809420300207005095104000700010040039480070480076501
017003000503001906900520000000800423300207005295004000000012009109400602000900530
009050800300010249014900000700029004040506080500140003000001450481090007005030100
279400800050007000010900035700300000043576980000008003930001050000600020005004198
000287001300450807070010025006042900050000080009730500610070050504023008800695000
